20000
0.801571953882 0.29490616622 0.157874390221
80000
0.788649940263 0.344086021505 0.21361072113
140000
0.0911356354575 0.301886792453 0.140005468964
200000
0.0591672753835 0.243243243243 0.0951821386604
260000
0.0582639714625 0.241379310345 0.0938697318008
320000
0.0926275992439 0.304347826087 0.142028985507
380000
0.09 0.3 0.138461538462
440000
0.0311418685121 0.176470588235 0.0529411764706
500000
0.217777777778 0.466666666667 0.29696969697
560000
0.147928994083 0.384615384615 0.213675213675
620000
1.0 0.0833333333333 0.153846153846
680000
0.132231404959 0.363636363636 0.193939393939
740000
0.09 0.3 0.138461538462
800000
0.0123456790123 0.111111111111 0.0222222222222
860000
0.791666666667 0.444444444444 0.372294372294
920000
0.140625 0.375 0.204545454545
980000
0.390625 0.625 0.480769230769
1040000
0.809523809524 0.428571428571 0.380952380952
1100000
0.0204081632653 0.142857142857 0.0357142857143
1160000
0.0277777777778 0.166666666667 0.047619047619
1220000
0.25 0.5 0.333333333333
1280000
0.111111111111 0.333333333333 0.166666666667
1340000
0.0277777777778 0.166666666667 0.047619047619
1400000
0.04 0.2 0.0666666666667
1460000
0.04 0.2 0.0666666666667
1520000
0.16 0.4 0.228571428571
1580000
0.04 0.2 0.0666666666667
1640000
0.04 0.2 0.0666666666667
1700000
0.0 0.0 0.0
1760000
0.0625 0.25 0.1
1820000
0.0625 0.25 0.1
1880000
0.0625 0.25 0.1
1940000
0.0 0.0 0.0
2000000
0.25 0.5 0.333333333333
2060000
0.0 0.0 0.0
2120000
0.0625 0.25 0.1
2180000
0.0 0.0 0.0
2240000
0.0 0.0 0.0
2300000
1.0 0.666666666667 0.8
2360000
0.444444444444 0.666666666667 0.533333333333
2420000
0.111111111111 0.333333333333 0.166666666667
2480000
0.0 0.0 0.0
2540000
0.0 0.0 0.0
2600000
0.0 0.0 0.0
2660000
0.833333333333 0.666666666667 0.666666666667
2720000
0.833333333333 0.666666666667 0.666666666667
2780000
0.111111111111 0.333333333333 0.166666666667
2840000
1.0 0.333333333333 0.5
2900000
0.0 0.0 0.0
2960000
0.111111111111 0.333333333333 0.166666666667
3020000
0.25 0.5 0.333333333333
3080000
0.0 0.0 0.0
3140000
0.0 0.0 0.0
3200000
1.0 0.5 0.666666666667
3260000
0.0 0.0 0.0
3320000
1.0 1.0 1.0
3380000
0.25 0.5 0.333333333333
3440000
0.25 0.5 0.333333333333
3500000
0.25 0.5 0.333333333333
3560000
