20000
0.877603072241 0.780160857909 0.791777479242
40000
0.869032258065 0.774193548387 0.782047221258
60000
0.880184331797 0.806451612903 0.813313924775
80000
0.872723282862 0.784946236559 0.792604846368
100000
0.890196078431 0.813333333333 0.823919753086
120000
0.892281105991 0.822580645161 0.831913252575
140000
0.917667238422 0.88679245283 0.890735440154
160000
0.880319148936 0.808510638298 0.814938253236
180000
0.879210220674 0.80487804878 0.811573409852
200000
0.925155925156 0.891891891892 0.897561897562
220000
0.878892733564 0.705882352941 0.733734402852
240000
0.863377609108 0.709677419355 0.72662598082
260000
0.888594164456 0.793103448276 0.80780399274
280000
0.866666666667 0.777777777778 0.783333333333
300000
0.862857142857 0.76 0.767012987013
320000
0.889328063241 0.826086956522 0.832988267771
340000
0.884297520661 0.818181818182 0.824397824398
360000
0.89417989418 0.809523809524 0.823129251701
380000
0.9 0.85 0.856
400000
0.90977443609 0.789473684211 0.816541353383
420000
0.913580246914 0.888888888889 0.890277777778
440000
0.889705882353 0.705882352941 0.740757963264
460000
0.892857142857 0.8125 0.824675324675
480000
0.861111111111 0.6875 0.706477732794
500000
0.896296296296 0.866666666667 0.865476190476
520000
0.857142857143 0.714285714286 0.72619047619
540000
0.84126984127 0.642857142857 0.652014652015
560000
0.89010989011 0.846153846154 0.847985347985
580000
0.868131868132 0.769230769231 0.777622377622
600000
0.916666666667 0.833333333333 0.851851851852
620000
1.0 0.666666666667 0.8
640000
0.833333333333 0.666666666667 0.666666666667
660000
0.878787878788 0.636363636364 0.675324675325
680000
0.878787878788 0.818181818182 0.821212121212
700000
0.890909090909 0.818181818182 0.827922077922
720000
1.0 0.7 0.823529411765
740000
0.925 0.9 0.903296703297
760000
0.92 0.9 0.90101010101
780000
0.85 0.7 0.709090909091
800000
0.944444444444 0.888888888889 0.903703703704
820000
0.866666666667 0.777777777778 0.783333333333
840000
0.866666666667 0.777777777778 0.783333333333
860000
0.866666666667 0.777777777778 0.783333333333
880000
0.916666666667 0.75 0.791666666667
900000
0.833333333333 0.75 0.733333333333
920000
0.8125 0.625 0.607142857143
940000
0.85 0.625 0.642857142857
960000
0.85 0.625 0.642857142857
980000
0.895833333333 0.875 0.868181818182
1000000
0.880952380952 0.857142857143 0.839826839827
1020000
1.0 1.0 1.0
1040000
0.904761904762 0.857142857143 0.863492063492
1060000
0.857142857143 0.714285714286 0.72619047619
1080000
0.828571428571 0.571428571429 0.571428571429
1100000
0.892857142857 0.571428571429 0.628571428571
1120000
0.857142857143 0.714285714286 0.72619047619
1140000
0.857142857143 0.714285714286 0.72619047619
1160000
0.888888888889 0.666666666667 0.708333333333
1180000
0.866666666667 0.833333333333 0.814814814815
1200000
0.888888888889 0.666666666667 0.708333333333
1220000
0.875 0.833333333333 0.828571428571
1240000
1.0 0.666666666667 0.8
1260000
0.888888888889 0.833333333333 0.838095238095
1280000
0.8 0.5 0.457142857143
1300000
0.916666666667 0.833333333333 0.851851851852
1320000
1.0 0.666666666667 0.8
1340000
0.888888888889 0.666666666667 0.708333333333
1360000
1.0 1.0 1.0
1380000
1.0 0.8 0.888888888889
1400000
1.0 1.0 1.0
1420000
1.0 1.0 1.0
1440000
1.0 0.6 0.75
1460000
1.0 1.0 1.0
1480000
0.866666666667 0.8 0.8
1500000
0.8 0.6 0.566666666667
1520000
0.866666666667 0.8 0.8
1540000
1.0 0.8 0.888888888889
1560000
0.866666666667 0.6 0.633333333333
1580000
0.9 0.8 0.819047619048
1600000
1.0 0.8 0.888888888889
1620000
0.866666666667 0.6 0.633333333333
1640000
0.866666666667 0.6 0.633333333333
1660000
0.875 0.75 0.766666666667
1680000
0.833333333333 0.75 0.733333333333
1700000
1.0 0.75 0.857142857143
1720000
1.0 1.0 1.0
1740000
0.833333333333 0.75 0.733333333333
1760000
1.0 1.0 1.0
1780000
1.0 1.0 1.0
1800000
0.875 0.75 0.766666666667
1820000
0.875 0.75 0.766666666667
1840000
0.833333333333 0.75 0.733333333333
1860000
1.0 1.0 1.0
1880000
0.833333333333 0.5 0.5
1900000
0.833333333333 0.5 0.5
1920000
0.833333333333 0.5 0.5
1940000
1.0 0.75 0.857142857143
1960000
0.5625 0.75 0.642857142857
1980000
1.0 0.25 0.4
2000000
0.25 0.5 0.333333333333
2020000
0.875 0.75 0.766666666667
2040000
0.833333333333 0.75 0.733333333333
2060000
1.0 0.75 0.857142857143
2080000
1.0 0.75 0.857142857143
2100000
0.875 0.75 0.766666666667
2120000
0.833333333333 0.5 0.5
2140000
1.0 1.0 1.0
2160000
1.0 0.333333333333 0.5
2180000
1.0 0.666666666667 0.8
2200000
0.833333333333 0.666666666667 0.666666666667
2220000
1.0 1.0 1.0
2240000
1.0 0.666666666667 0.8
2260000
0.833333333333 0.666666666667 0.666666666667
2280000
1.0 1.0 1.0
2300000
1.0 1.0 1.0
2320000
1.0 0.666666666667 0.8
2340000
1.0 1.0 1.0
2360000
1.0 1.0 1.0
2380000
1.0 1.0 1.0
2400000
1.0 0.666666666667 0.8
2420000
1.0 1.0 1.0
2440000
0.833333333333 0.666666666667 0.666666666667
2460000
1.0 1.0 1.0
2480000
1.0 0.333333333333 0.5
2500000
0.833333333333 0.666666666667 0.666666666667
2520000
1.0 0.666666666667 0.8
2540000
1.0 0.666666666667 0.8
2560000
0.111111111111 0.333333333333 0.166666666667
2580000
0.833333333333 0.666666666667 0.666666666667
2600000
1.0 0.666666666667 0.8
2620000
1.0 0.666666666667 0.8
2640000
1.0 0.666666666667 0.8
2660000
0.833333333333 0.666666666667 0.666666666667
2680000
0.111111111111 0.333333333333 0.166666666667
2700000
0.444444444444 0.666666666667 0.533333333333
2720000
0.833333333333 0.666666666667 0.666666666667
2740000
1.0 0.333333333333 0.5
2760000
1.0 0.333333333333 0.5
2780000
0.833333333333 0.666666666667 0.666666666667
2800000
1.0 0.666666666667 0.8
2820000
0.833333333333 0.666666666667 0.666666666667
2840000
1.0 0.666666666667 0.8
2860000
1.0 0.333333333333 0.5
2880000
1.0 0.666666666667 0.8
2900000
1.0 0.666666666667 0.8
2920000
0.833333333333 0.666666666667 0.666666666667
2940000
0.444444444444 0.666666666667 0.533333333333
2960000
0.111111111111 0.333333333333 0.166666666667
2980000
1.0 0.333333333333 0.5
3000000
1.0 0.5 0.666666666667
3020000
1.0 1.0 1.0
3040000
1.0 1.0 1.0
3060000
1.0 1.0 1.0
3080000
1.0 1.0 1.0
3100000
1.0 1.0 1.0
3120000
1.0 0.5 0.666666666667
3140000
1.0 1.0 1.0
3160000
1.0 1.0 1.0
3180000
1.0 1.0 1.0
3200000
1.0 1.0 1.0
3220000
1.0 0.5 0.666666666667
3240000
0.25 0.5 0.333333333333
3260000
1.0 0.5 0.666666666667
3280000
0.25 0.5 0.333333333333
3300000
1.0 0.5 0.666666666667
3320000
1.0 1.0 1.0
3340000
1.0 1.0 1.0
3360000
0.25 0.5 0.333333333333
3380000
1.0 1.0 1.0
3400000
1.0 1.0 1.0
3420000
1.0 1.0 1.0
3440000
1.0 1.0 1.0
3460000
1.0 1.0 1.0
3480000
0.25 0.5 0.333333333333
3500000
1.0 1.0 1.0
3520000
1.0 1.0 1.0
3540000
1.0 0.5 0.666666666667
3560000
1.0 1.0 1.0
3580000
1.0 1.0 1.0
3600000
1.0 0.5 0.666666666667
3620000
0.25 0.5 0.333333333333
3640000
0.25 0.5 0.333333333333
3660000
0.25 0.5 0.333333333333
3680000
1.0 1.0 1.0
3700000
1.0 1.0 1.0
3720000
1.0 1.0 1.0
3740000
0.0 0.0 0.0
3760000
0.0 0.0 0.0
3780000
1.0 0.5 0.666666666667
3800000
0.25 0.5 0.333333333333
3820000
1.0 0.5 0.666666666667
3840000
0.25 0.5 0.333333333333
3860000
1.0 0.5 0.666666666667
3880000
1.0 0.5 0.666666666667
3900000
0.25 0.5 0.333333333333
3920000
0.25 0.5 0.333333333333
3940000
1.0 0.5 0.666666666667
3960000
1.0 0.5 0.666666666667
3980000
1.0 0.5 0.666666666667
4000000
0.25 0.5 0.333333333333
4020000
1.0 0.5 0.666666666667
4040000
1.0 0.5 0.666666666667
4060000
1.0 0.5 0.666666666667
4080000
0.25 0.5 0.333333333333
4100000
0.0 0.0 0.0
4120000
1.0 0.5 0.666666666667
4140000
1.0 0.5 0.666666666667
4160000
1.0 0.5 0.666666666667
4180000
0.0 0.0 0.0
4200000
1.0 0.5 0.666666666667
4220000
1.0 0.5 0.666666666667
4240000
0.25 0.5 0.333333333333
4260000
0.25 0.5 0.333333333333
4280000
1.0 0.5 0.666666666667
4300000
0.0 0.0 0.0
4320000
0.0 0.0 0.0
4340000
1.0 0.5 0.666666666667
4360000
0.0 0.0 0.0
4380000
1.0 0.5 0.666666666667
4400000
0.0 0.0 0.0
4420000
1.0 0.5 0.666666666667
4440000
0.25 0.5 0.333333333333
4460000
0.0 0.0 0.0
4480000
1.0 0.5 0.666666666667
4500000
0.25 0.5 0.333333333333
4520000
0.0 0.0 0.0
4540000
0.0 0.0 0.0
4560000
0.25 0.5 0.333333333333
4580000
0.25 0.5 0.333333333333
4600000
1.0 0.5 0.666666666667
4620000
1.0 0.5 0.666666666667
4640000
1.0 0.5 0.666666666667
4660000
0.0 0.0 0.0
4680000
0.25 0.5 0.333333333333
4700000
0.0 0.0 0.0
4720000
0.25 0.5 0.333333333333
4740000
1.0 0.5 0.666666666667
4760000
1.0 0.5 0.666666666667
4780000
1.0 0.5 0.666666666667
4800000
1.0 0.5 0.666666666667
4820000
1.0 0.5 0.666666666667
4840000
1.0 0.5 0.666666666667
4860000
1.0 0.5 0.666666666667
4880000
1.0 0.5 0.666666666667
4900000
1.0 0.5 0.666666666667
4920000
1.0 0.5 0.666666666667
4940000
1.0 0.5 0.666666666667
4960000
0.0 0.0 0.0
4980000
0.0 0.0 0.0
5000000
1.0 1.0 1.0
