20000
0.717688511625 0.710455764075 0.711605545524
40000
0.688231967431 0.688172043011 0.687883079307
60000
0.750325945241 0.75 0.750114177595
80000
0.699154148463 0.698924731183 0.698715651135
100000
0.74562962963 0.746666666667 0.746013384908
120000
0.724426994907 0.725806451613 0.723376049492
140000
0.78833224897 0.77358490566 0.776572788137
160000
0.723558994197 0.723404255319 0.723153374825
180000
0.757982797219 0.756097560976 0.755222312989
200000
0.778132678133 0.756756756757 0.762507188039
220000
0.737024221453 0.735294117647 0.735523300229
240000
0.681756573597 0.677419354839 0.676747311828
260000
0.831233421751 0.827586206897 0.82842215256
280000
0.70987654321 0.703703703704 0.70288970289
300000
0.88 0.84 0.836883116883
320000
0.744651483782 0.739130434783 0.736120401338
340000
0.773115773116 0.772727272727 0.771291866029
360000
0.904761904762 0.904761904762 0.904761904762
380000
0.8875 0.85 0.848872180451
400000
0.791228070175 0.736842105263 0.745995423341
420000
0.888888888889 0.888888888889 0.888888888889
440000
0.826890756303 0.823529411765 0.822291021672
460000
0.625 0.625 0.625
480000
0.814583333333 0.8125 0.810222672065
500000
0.940740740741 0.933333333333 0.932730015083
520000
0.733333333333 0.714285714286 0.708333333333
540000
0.800595238095 0.785714285714 0.789152024446
560000
0.932692307692 0.923076923077 0.922144522145
580000
0.932692307692 0.923076923077 0.922144522145
600000
0.78125 0.75 0.760504201681
620000
0.796296296296 0.75 0.768421052632
640000
0.833333333333 0.833333333333 0.833333333333
660000
0.739393939394 0.727272727273 0.727272727273
680000
0.87012987013 0.818181818182 0.815151515152
700000
0.518939393939 0.545454545455 0.528138528139
720000
0.8 0.8 0.8
740000
1.0 1.0 1.0
760000
0.8 0.8 0.8
780000
0.914285714286 0.9 0.896703296703
800000
0.925925925926 0.888888888889 0.895726495726
820000
0.911111111111 0.888888888889 0.888888888889
840000
0.851851851852 0.777777777778 0.772222222222
860000
1.0 1.0 1.0
880000
0.895833333333 0.875 0.868181818182
900000
0.875 0.75 0.766666666667
920000
0.5 0.5 0.5
940000
0.4375 0.375 0.345238095238
960000
0.390625 0.625 0.480769230769
980000
0.75 0.75 0.75
1000000
0.904761904762 0.857142857143 0.863492063492
1020000
0.892857142857 0.857142857143 0.857142857143
1040000
0.892857142857 0.857142857143 0.857142857143
1060000
1.0 1.0 1.0
1080000
0.857142857143 0.714285714286 0.72619047619
1100000
0.595238095238 0.571428571429 0.571428571429
1120000
0.595238095238 0.571428571429 0.571428571429
1140000
0.714285714286 0.714285714286 0.714285714286
1160000
0.875 0.833333333333 0.828571428571
1180000
1.0 1.0 1.0
1200000
0.888888888889 0.833333333333 0.838095238095
1220000
0.444444444444 0.666666666667 0.533333333333
1240000
1.0 1.0 1.0
1260000
0.875 0.833333333333 0.828571428571
1280000
0.916666666667 0.833333333333 0.851851851852
1300000
0.666666666667 0.666666666667 0.666666666667
1320000
0.866666666667 0.833333333333 0.814814814815
1340000
0.875 0.833333333333 0.828571428571
1360000
1.0 1.0 1.0
1380000
0.64 0.8 0.711111111111
1400000
0.9 0.8 0.819047619048
1420000
0.866666666667 0.6 0.633333333333
1440000
0.85 0.8 0.780952380952
1460000
1.0 1.0 1.0
1480000
1.0 1.0 1.0
1500000
0.6 0.6 0.6
1520000
1.0 1.0 1.0
1540000
0.9 0.8 0.819047619048
1560000
0.866666666667 0.8 0.8
1580000
0.85 0.8 0.780952380952
1600000
0.6 0.6 0.6
1620000
0.433333333333 0.4 0.4
1640000
0.866666666667 0.8 0.8
1660000
0.833333333333 0.75 0.733333333333
1680000
1.0 1.0 1.0
1700000
1.0 1.0 1.0
1720000
1.0 1.0 1.0
1740000
0.875 0.75 0.766666666667
1760000
0.5625 0.75 0.642857142857
1780000
1.0 0.5 0.666666666667
1800000
1.0 1.0 1.0
1820000
1.0 1.0 1.0
1840000
1.0 1.0 1.0
1860000
1.0 0.75 0.857142857143
1880000
0.875 0.75 0.766666666667
1900000
1.0 1.0 1.0
1920000
0.833333333333 0.5 0.5
1940000
0.833333333333 0.5 0.5
1960000
1.0 1.0 1.0
1980000
0.833333333333 0.5 0.5
2000000
0.875 0.75 0.766666666667
2020000
1.0 1.0 1.0
2040000
1.0 1.0 1.0
2060000
1.0 1.0 1.0
2080000
1.0 1.0 1.0
2100000
0.833333333333 0.75 0.733333333333
2120000
1.0 1.0 1.0
2140000
1.0 1.0 1.0
2160000
0.833333333333 0.666666666667 0.666666666667
2180000
0.833333333333 0.666666666667 0.666666666667
2200000
1.0 1.0 1.0
2220000
0.444444444444 0.666666666667 0.533333333333
2240000
0.333333333333 0.333333333333 0.333333333333
2260000
1.0 1.0 1.0
2280000
1.0 1.0 1.0
2300000
1.0 1.0 1.0
2320000
0.833333333333 0.666666666667 0.666666666667
2340000
0.833333333333 0.666666666667 0.666666666667
2360000
1.0 1.0 1.0
2380000
1.0 1.0 1.0
2400000
1.0 1.0 1.0
2420000
1.0 1.0 1.0
2440000
0.333333333333 0.333333333333 0.333333333333
2460000
0.833333333333 0.666666666667 0.666666666667
2480000
0.833333333333 0.666666666667 0.666666666667
2500000
0.833333333333 0.666666666667 0.666666666667
2520000
1.0 1.0 1.0
2540000
1.0 1.0 1.0
2560000
1.0 0.666666666667 0.8
2580000
1.0 1.0 1.0
2600000
0.444444444444 0.666666666667 0.533333333333
2620000
1.0 1.0 1.0
2640000
1.0 1.0 1.0
2660000
0.444444444444 0.666666666667 0.533333333333
2680000
1.0 1.0 1.0
2700000
1.0 1.0 1.0
2720000
1.0 1.0 1.0
2740000
0.833333333333 0.666666666667 0.666666666667
2760000
0.833333333333 0.666666666667 0.666666666667
2780000
0.444444444444 0.666666666667 0.533333333333
2800000
0.444444444444 0.666666666667 0.533333333333
2820000
0.444444444444 0.666666666667 0.533333333333
2840000
0.444444444444 0.666666666667 0.533333333333
2860000
1.0 1.0 1.0
2880000
0.833333333333 0.666666666667 0.666666666667
2900000
1.0 1.0 1.0
2920000
0.833333333333 0.666666666667 0.666666666667
2940000
1.0 0.666666666667 0.8
2960000
1.0 1.0 1.0
2980000
0.111111111111 0.333333333333 0.166666666667
3000000
1.0 1.0 1.0
3020000
1.0 1.0 1.0
3040000
1.0 1.0 1.0
3060000
1.0 1.0 1.0
3080000
1.0 1.0 1.0
3100000
1.0 1.0 1.0
3120000
0.25 0.5 0.333333333333
3140000
1.0 1.0 1.0
3160000
1.0 1.0 1.0
3180000
1.0 1.0 1.0
3200000
1.0 1.0 1.0
3220000
1.0 1.0 1.0
3240000
1.0 0.5 0.666666666667
3260000
1.0 1.0 1.0
3280000
1.0 1.0 1.0
3300000
0.25 0.5 0.333333333333
3320000
0.25 0.5 0.333333333333
3340000
1.0 1.0 1.0
3360000
1.0 0.5 0.666666666667
3380000
0.25 0.5 0.333333333333
3400000
1.0 0.5 0.666666666667
3420000
1.0 1.0 1.0
3440000
1.0 1.0 1.0
3460000
1.0 1.0 1.0
3480000
1.0 1.0 1.0
3500000
1.0 1.0 1.0
3520000
1.0 1.0 1.0
3540000
1.0 1.0 1.0
3560000
1.0 0.5 0.666666666667
3580000
1.0 1.0 1.0
3600000
0.25 0.5 0.333333333333
3620000
0.0 0.0 0.0
3640000
1.0 1.0 1.0
3660000
1.0 0.5 0.666666666667
3680000
1.0 1.0 1.0
3700000
1.0 1.0 1.0
3720000
1.0 1.0 1.0
3740000
0.25 0.5 0.333333333333
3760000
1.0 1.0 1.0
3780000
1.0 1.0 1.0
3800000
1.0 1.0 1.0
3820000
1.0 1.0 1.0
3840000
1.0 1.0 1.0
3860000
1.0 1.0 1.0
3880000
0.25 0.5 0.333333333333
3900000
1.0 1.0 1.0
3920000
1.0 1.0 1.0
3940000
1.0 1.0 1.0
3960000
1.0 1.0 1.0
3980000
0.25 0.5 0.333333333333
4000000
1.0 1.0 1.0
4020000
0.25 0.5 0.333333333333
4040000
1.0 1.0 1.0
4060000
0.25 0.5 0.333333333333
4080000
1.0 1.0 1.0
4100000
1.0 1.0 1.0
4120000
1.0 1.0 1.0
4140000
0.25 0.5 0.333333333333
4160000
1.0 1.0 1.0
4180000
1.0 1.0 1.0
4200000
0.25 0.5 0.333333333333
4220000
1.0 1.0 1.0
4240000
1.0 1.0 1.0
4260000
1.0 0.5 0.666666666667
4280000
0.25 0.5 0.333333333333
4300000
1.0 1.0 1.0
4320000
1.0 0.5 0.666666666667
4340000
1.0 1.0 1.0
4360000
1.0 1.0 1.0
4380000
1.0 1.0 1.0
4400000
1.0 1.0 1.0
4420000
1.0 1.0 1.0
4440000
1.0 0.5 0.666666666667
4460000
1.0 1.0 1.0
4480000
0.25 0.5 0.333333333333
4500000
1.0 1.0 1.0
4520000
1.0 0.5 0.666666666667
4540000
1.0 0.5 0.666666666667
4560000
1.0 0.5 0.666666666667
4580000
1.0 0.5 0.666666666667
4600000
1.0 1.0 1.0
4620000
0.25 0.5 0.333333333333
4640000
0.25 0.5 0.333333333333
4660000
1.0 0.5 0.666666666667
4680000
1.0 1.0 1.0
4700000
1.0 1.0 1.0
4720000
1.0 1.0 1.0
4740000
0.25 0.5 0.333333333333
4760000
0.25 0.5 0.333333333333
4780000
1.0 1.0 1.0
4800000
1.0 1.0 1.0
4820000
1.0 1.0 1.0
4840000
1.0 1.0 1.0
4860000
0.25 0.5 0.333333333333
4880000
1.0 1.0 1.0
4900000
1.0 1.0 1.0
4920000
1.0 1.0 1.0
4940000
0.25 0.5 0.333333333333
4960000
1.0 1.0 1.0
4980000
1.0 1.0 1.0
5000000
1.0 1.0 1.0
