20000
0.584112284739 0.58981233244 0.584300086357
80000
0.584179180571 0.569892473118 0.554149302876
140000
0.622641509434 0.622641509434 0.622641509434
200000
0.662662662663 0.675675675676 0.667170667171
260000
0.523734885804 0.551724137931 0.521476104053
320000
0.465838509317 0.478260869565 0.457556935818
380000
0.653571428571 0.65 0.636
440000
0.650623885918 0.647058823529 0.639495798319
500000
0.654545454545 0.6 0.577777777778
560000
0.660256410256 0.615384615385 0.601398601399
620000
0.625 0.5 0.555555555556
680000
0.352272727273 0.363636363636 0.331002331002
740000
0.695238095238 0.7 0.69010989011
800000
0.583333333333 0.666666666667 0.622222222222
860000
0.809523809524 0.666666666667 0.640692640693
920000
0.55 0.375 0.404761904762
980000
0.55 0.375 0.404761904762
1040000
0.557142857143 0.571428571429 0.552380952381
1100000
0.828571428571 0.714285714286 0.702380952381
1160000
0.5 0.5 0.485714285714
1220000
0.333333333333 0.333333333333 0.333333333333
1280000
0.888888888889 0.666666666667 0.708333333333
1340000
0.5 0.5 0.485714285714
1400000
0.6 0.6 0.6
1460000
0.6 0.6 0.6
1520000
0.866666666667 0.8 0.8
1580000
0.6 0.6 0.6
1640000
0.433333333333 0.4 0.4
1700000
0.5625 0.75 0.642857142857
1760000
0.5625 0.75 0.642857142857
1820000
0.5625 0.75 0.642857142857
1880000
0.833333333333 0.5 0.5
1940000
1.0 1.0 1.0
2000000
0.875 0.75 0.766666666667
2060000
0.5 0.5 0.5
2120000
0.833333333333 0.5 0.5
2180000
1.0 1.0 1.0
2240000
0.333333333333 0.333333333333 0.333333333333
2300000
1.0 0.666666666667 0.8
2360000
0.833333333333 0.666666666667 0.666666666667
2420000
0.333333333333 0.333333333333 0.333333333333
2480000
0.833333333333 0.666666666667 0.666666666667
2540000
0.444444444444 0.666666666667 0.533333333333
2600000
0.444444444444 0.666666666667 0.533333333333
2660000
0.111111111111 0.333333333333 0.166666666667
2720000
0.111111111111 0.333333333333 0.166666666667
2780000
0.111111111111 0.333333333333 0.166666666667
2840000
0.444444444444 0.666666666667 0.533333333333
2900000
0.444444444444 0.666666666667 0.533333333333
2960000
0.0 0.0 0.0
3020000
0.25 0.5 0.333333333333
3080000
1.0 1.0 1.0
3140000
1.0 1.0 1.0
3200000
1.0 1.0 1.0
3260000
0.25 0.5 0.333333333333
3320000
0.25 0.5 0.333333333333
3380000
0.25 0.5 0.333333333333
3440000
0.25 0.5 0.333333333333
3500000
0.25 0.5 0.333333333333
3560000
1.0 1.0 1.0
3620000
0.0 0.0 0.0
3680000
0.0 0.0 0.0
3740000
0.25 0.5 0.333333333333
3800000
0.0 0.0 0.0
3860000
0.25 0.5 0.333333333333
3920000
0.0 0.0 0.0
3980000
0.25 0.5 0.333333333333
4040000
0.25 0.5 0.333333333333
4100000
0.0 0.0 0.0
4160000
0.25 0.5 0.333333333333
4220000
0.25 0.5 0.333333333333
4280000
0.25 0.5 0.333333333333
4340000
0.25 0.5 0.333333333333
4400000
0.0 0.0 0.0
4460000
0.0 0.0 0.0
4520000
0.0 0.0 0.0
4580000
0.0 0.0 0.0
4640000
0.25 0.5 0.333333333333
4700000
0.0 0.0 0.0
4760000
0.25 0.5 0.333333333333
4820000
0.25 0.5 0.333333333333
4880000
0.25 0.5 0.333333333333
4940000
0.25 0.5 0.333333333333
5000000
0.0 0.0 0.0
