20000
0.595547641786 0.600536193029 0.595744853384
80000
0.556711758585 0.548387096774 0.535520632295
140000
0.630553864881 0.622641509434 0.625730008985
200000
0.651444547996 0.675675675676 0.655255255255
260000
0.523734885804 0.551724137931 0.521476104053
320000
0.422826086957 0.434782608696 0.42156114925
380000
0.647916666667 0.65 0.647314578005
440000
0.524064171123 0.529411764706 0.519327731092
500000
0.706666666667 0.666666666667 0.657616892911
560000
0.660256410256 0.615384615385 0.601398601399
620000
0.625 0.5 0.555555555556
680000
0.467532467532 0.454545454545 0.445454545455
740000
0.695238095238 0.7 0.69010989011
800000
0.777777777778 0.777777777778 0.777777777778
860000
0.851851851852 0.777777777778 0.772222222222
920000
0.55 0.375 0.404761904762
980000
0.85 0.625 0.642857142857
1040000
0.557142857143 0.571428571429 0.552380952381
1100000
0.595238095238 0.571428571429 0.571428571429
1160000
0.714285714286 0.714285714286 0.714285714286
1220000
0.333333333333 0.333333333333 0.333333333333
1280000
