20000
0.874349263089 0.769436997319 0.78155230325
80000
0.876568100358 0.795698924731 0.803098844531
140000
0.928122192273 0.905660377358 0.908616573916
200000
0.913127413127 0.864864864865 0.87292919518
260000
0.888594164456 0.793103448276 0.80780399274
320000
0.889328063241 0.826086956522 0.832988267771
380000
0.9 0.85 0.856
440000
0.889705882353 0.705882352941 0.740757963264
500000
0.896296296296 0.866666666667 0.865476190476
560000
0.89010989011 0.846153846154 0.847985347985
620000
1.0 0.666666666667 0.8
680000
0.878787878788 0.818181818182 0.821212121212
740000
0.925 0.9 0.903296703297
800000
0.944444444444 0.888888888889 0.903703703704
860000
0.866666666667 0.777777777778 0.783333333333
920000
0.8125 0.625 0.607142857143
980000
0.895833333333 0.875 0.868181818182
1040000
0.904761904762 0.857142857143 0.863492063492
1100000
0.892857142857 0.571428571429 0.628571428571
1160000
0.892857142857 0.571428571429 0.628571428571
1220000
0.875 0.833333333333 0.828571428571
1280000
