100
0.829663934426 0.752 0.761008652004
600
0.861828571429 0.752 0.760003643698
1100
0.834726020138 0.704 0.712030488986
1600
0.857 0.736 0.743905113747
2100
0.857 0.736 0.743905113747
2600
0.85938028169 0.744 0.751979220779
3100
0.85938028169 0.744 0.751979220779
3600
0.875634 0.73587 0.758394023
4100
0.884930429 0.746473 0.84736239
4600
0.880184331797 0.806451612903 0.813313924775
5100
0.869032258065 0.774193548387 0.782047221258
5500
0.877603072241 0.780160857909 0.791777479242
6000
0.866666666667 0.777777777778 0.783333333333
6500
0.888594164456 0.793103448276 0.80780399274
7000
0.878892733564 0.705882352941 0.733734402852
7500
0.89417989418 0.809523809524 0.823129251701
8000
0.889705882353 0.705882352941 0.740757963264
8500
0.896296296296 0.866666666667 0.865476190476
9000
0.84126984127 0.642857142857 0.652014652015
9500
0.868131868132 0.769230769231 0.777622377622
10000
0.877603072241 0.780160857909 0.791777479242
