20000
0.717533635647 0.70509383378 0.706112918614
80000
0.741935483871 0.741935483871 0.741935483871
140000
0.723642081189 0.641509433962 0.641509433962
200000
0.761583011583 0.72972972973 0.737283867719
260000
0.694297082228 0.689655172414 0.691159874608
320000
0.748494983278 0.739130434783 0.73814229249
380000
0.8875 0.85 0.848872180451
440000
0.867647058824 0.823529411765 0.815772462831
500000
0.941666666667 0.933333333333 0.933333333333
560000
0.773076923077 0.769230769231 0.766433566434
620000
0.916666666667 0.833333333333 0.851851851852
680000
0.922077922078 0.909090909091 0.907536907537
740000
0.8 0.8 0.8
800000
0.627777777778 0.444444444444 0.487734487734
860000
0.911111111111 0.888888888889 0.888888888889
920000
0.916666666667 0.875 0.881818181818
980000
0.75 0.75 0.75
1040000
0.828571428571 0.714285714286 0.702380952381
1100000
0.428571428571 0.428571428571 0.428571428571
1160000
0.714285714286 0.714285714286 0.714285714286
1220000
0.666666666667 0.666666666667 0.666666666667
1280000
0.916666666667 0.833333333333 0.851851851852
1340000
